   2.5700000000000000e+02
   2.7600000000000000e+02
   2.5500000000000000e+02
   4.0000000000000000e+01
   1.3800000000000000e+02
   9.6000000000000000e+01
   3.1700000000000000e+02
   1.9900000000000000e+02
   2.1800000000000000e+02
   1.3200000000000000e+02
   2.7200000000000000e+02
   5.8000000000000000e+01
   1.5700000000000000e+02
   5.6000000000000000e+01
   1.3000000000000000e+01
   1.5900000000000000e+02
   1.7700000000000000e+02
   2.5800000000000000e+02
   9.7000000000000000e+01
   9.6000000000000000e+01
   1.9600000000000000e+02
   1.9500000000000000e+02
   1.6000000000000000e+01
   3.0000000000000000e+02
   1.1300000000000000e+02
   7.6000000000000000e+01
   3.3200000000000000e+02
   1.1600000000000000e+02
   3.1400000000000000e+02
   6.0000000000000000e+01
   2.3800000000000000e+02
   5.8000000000000000e+01
   1.1200000000000000e+02
   1.1900000000000000e+02
   1.7900000000000000e+02
   9.8000000000000000e+01
   1.8000000000000000e+01
   8.0000000000000000e+01
   1.1800000000000000e+02
   2.3300000000000000e+02
   2.3900000000000000e+02
   1.9000000000000000e+01
   3.6000000000000000e+01
   1.5000000000000000e+01
   1.2000000000000000e+02
   1.5500000000000000e+02
   9.5000000000000000e+01
   3.9000000000000000e+01
   1.7500000000000000e+02
   1.5400000000000000e+02
   2.1200000000000000e+02
   2.9100000000000000e+02
   2.2900000000000000e+02
   7.3000000000000000e+01
   1.5300000000000000e+02
   2.5100000000000000e+02
   2.1200000000000000e+02
   2.6900000000000000e+02
   3.0800000000000000e+02
   2.1100000000000000e+02
   2.0600000000000000e+02
   9.2000000000000000e+01
   3.0600000000000000e+02
   2.6800000000000000e+02
   1.3000000000000000e+02
   3.2900000000000000e+02
   2.4600000000000000e+02
   1.1000000000000000e+01
   1.7100000000000000e+02
   2.4800000000000000e+02
   2.0800000000000000e+02
   3.2100000000000000e+02
   1.5000000000000000e+02
   3.2600000000000000e+02
   2.6700000000000000e+02
   1.7000000000000000e+02
   2.2700000000000000e+02
   1.9000000000000000e+02
   8.0000000000000000e+00
   3.0400000000000000e+02
   1.8600000000000000e+02
   9.0000000000000000e+00
   1.0000000000000000e+01
   7.2000000000000000e+01
   1.6700000000000000e+02
   4.9000000000000000e+01
   7.0000000000000000e+00
   5.1000000000000000e+01
   1.6900000000000000e+02
   2.4500000000000000e+02
   3.4300000000000000e+02
   2.8100000000000000e+02
   1.6800000000000000e+02
   2.2400000000000000e+02
   2.8000000000000000e+01
   6.8000000000000000e+01
   2.0400000000000000e+02
   6.9000000000000000e+01
   4.7000000000000000e+01
   1.0900000000000000e+02
   1.8500000000000000e+02
   3.6100000000000000e+02
   1.6600000000000000e+02
   4.0000000000000000e+00
   3.2300000000000000e+02
   1.6400000000000000e+02
   2.2000000000000000e+01
   2.4100000000000000e+02
   1.2400000000000000e+02
   1.4600000000000000e+02
   2.3000000000000000e+01
   1.4600000000000000e+02
   1.2800000000000000e+02
   1.2400000000000000e+02
   1.0800000000000000e+02
   1.0700000000000000e+02
   2.0300000000000000e+02
   1.4400000000000000e+02
   3.0000000000000000e+00
   2.0300000000000000e+02
   1.4500000000000000e+02
   6.6000000000000000e+01
   1.8200000000000000e+02
   2.6200000000000000e+02
   4.2000000000000000e+01
   1.0000000000000000e+00
   1.0400000000000000e+02
   4.3000000000000000e+01
   2.1000000000000000e+01
   2.5000000000000000e+01
   1.0200000000000000e+02
   2.0100000000000000e+02
   4.5000000000000000e+01
   1.6100000000000000e+02
   1.0000000000000000e+00
   2.0100000000000000e+02
   1.2300000000000000e+02
   4.1000000000000000e+01
   6.3000000000000000e+01
   8.6000000000000000e+01
   8.3000000000000000e+01
   8.5000000000000000e+01
   1.4200000000000000e+02
   2.2200000000000000e+02
   1.2200000000000000e+02
   6.4000000000000000e+01
   1.2100000000000000e+02
   8.2000000000000000e+01
   1.0100000000000000e+02
