   9.7435897435897434e-01   4.7435897435897428e-01   8.4615384615384615e-01   2.6923076923076922e-01
   9.5897435897435890e-01   4.0512820512820513e-01   8.1025641025641026e-01   2.4358974358974358e-01
   9.3589743589743590e-01   3.4615384615384609e-01   7.6923076923076916e-01   2.3076923076923073e-01
   9.1025641025641024e-01   3.7179487179487175e-01   7.3076923076923073e-01   1.9230769230769229e-01
   8.8034188034188021e-01   3.7606837606837601e-01   7.0085470085470081e-01   2.3504273504273498e-01
   8.6752136752136744e-01   3.8034188034188032e-01   6.6239316239316237e-01   2.3076923076923073e-01
   8.7179487179487181e-01   3.8461538461538458e-01   6.1538461538461542e-01   1.7948717948717946e-01
   8.8461538461538458e-01   3.9743589743589741e-01   5.8974358974358976e-01   1.6666666666666663e-01
   8.4615384615384615e-01   3.8461538461538458e-01   5.5128205128205132e-01   1.6666666666666663e-01
   8.3333333333333326e-01   3.7179487179487175e-01   5.5128205128205132e-01   1.6666666666666663e-01
   8.3333333333333326e-01   3.5897435897435892e-01   5.7692307692307687e-01   1.5384615384615383e-01
   7.5641025641025639e-01   3.9102564102564097e-01   3.7820512820512819e-01   9.6153846153846145e-02
   6.7948717948717952e-01   4.2307692307692302e-01   2.0512820512820509e-01   1.2820512820512820e-02
   6.7948717948717952e-01   4.5512820512820507e-01   1.6666666666666663e-01   3.8461538461538464e-02
   6.7948717948717952e-01   4.8717948717948711e-01   1.5384615384615383e-01   3.8461538461538464e-02
   6.9230769230769229e-01   5.2564102564102566e-01   1.6666666666666663e-01   1.2820512820512820e-02
   7.0940170940170943e-01   5.1709401709401703e-01   1.8376068376068372e-01   2.5641025641025640e-02
   7.1794871794871795e-01   4.7435897435897428e-01   2.0512820512820509e-01   2.5641025641025637e-02
   6.7948717948717952e-01   4.8717948717948711e-01   2.0512820512820509e-01   3.8461538461538464e-02
   6.5811965811965811e-01   4.9145299145299137e-01   2.0512820512820507e-01   2.5641025641025640e-02
   9.6153846153846145e-01   3.7179487179487175e-01   8.3333333333333326e-01   2.5641025641025639e-01
   9.2307692307692302e-01   3.5897435897435892e-01   7.9487179487179482e-01   2.1794871794871792e-01
   9.1025641025641024e-01   3.9743589743589741e-01   7.5641025641025639e-01   2.1794871794871792e-01
   8.7948717948717947e-01   3.8205128205128203e-01   7.1282051282051273e-01   2.4358974358974358e-01
   8.5897435897435892e-01   3.7179487179487175e-01   6.9230769230769229e-01   2.5641025641025639e-01
   8.6217948717948723e-01   3.7820512820512819e-01   6.5384615384615385e-01   2.2435897435897434e-01
   8.6752136752136744e-01   3.8888888888888884e-01   5.9829059829059827e-01   1.7521367521367517e-01
   8.4615384615384615e-01   3.8461538461538458e-01   5.8974358974358976e-01   1.7948717948717946e-01
   8.3333333333333337e-01   3.8461538461538458e-01   5.6410256410256410e-01   1.7307692307692307e-01
   8.2905982905982900e-01   3.5897435897435892e-01   5.6837606837606836e-01   1.6666666666666663e-01
   8.3760683760683752e-01   3.5042735042735035e-01   5.8547008547008539e-01   1.6666666666666663e-01
   7.6923076923076916e-01   3.8461538461538458e-01   3.9102564102564097e-01   1.0256410256410255e-01
   6.9658119658119655e-01   4.1452991452991450e-01   2.8205128205128199e-01   6.4102564102564097e-02
   6.9658119658119655e-01   4.3589743589743585e-01   2.7350427350427342e-01   6.4102564102564097e-02
   7.0512820512820507e-01   5.1602564102564097e-01   1.6025641025641021e-01   2.5641025641025640e-02
   7.1794871794871795e-01   5.5128205128205132e-01   1.7948717948717946e-01   3.8461538461538464e-02
   6.9551282051282060e-01   4.8717948717948717e-01   1.8589743589743585e-01   2.2435897435897436e-02
   6.7692307692307696e-01   4.7179487179487178e-01   1.9999999999999998e-01   2.5641025641025644e-02
   6.4102564102564097e-01   4.7435897435897428e-01   2.3076923076923073e-01   3.8461538461538464e-02
   6.5384615384615385e-01   5.1282051282051266e-01   1.7948717948717946e-01   0.0000000000000000e+00
   9.7435897435897434e-01   3.2051282051282048e-01   8.7179487179487181e-01   2.8205128205128199e-01
   9.7435897435897434e-01   3.4615384615384609e-01   8.4615384615384615e-01   2.4358974358974356e-01
   8.9743589743589736e-01   3.7179487179487175e-01   7.4358974358974361e-01   2.5641025641025639e-01
   8.7606837606837606e-01   3.9316239316239310e-01   7.2649572649572647e-01   2.6495726495726490e-01
   8.7179487179487181e-01   3.8461538461538458e-01   6.7948717948717952e-01   2.5641025641025639e-01
   8.4829059829059827e-01   3.8034188034188027e-01   6.6239316239316237e-01   2.4358974358974353e-01
   8.4615384615384615e-01   3.7179487179487175e-01   6.2820512820512819e-01   2.0512820512820509e-01
   8.1623931623931612e-01   3.9743589743589736e-01   5.8119658119658113e-01   1.8376068376068372e-01
   8.0769230769230771e-01   3.9743589743589741e-01   5.6410256410256410e-01   1.7948717948717946e-01
   7.9487179487179482e-01   3.8888888888888884e-01   5.6837606837606836e-01   1.8376068376068372e-01
   8.2051282051282048e-01   3.4615384615384609e-01   5.7692307692307687e-01   1.7948717948717946e-01
   8.4615384615384615e-01   3.4615384615384609e-01   5.9401709401709391e-01   1.7094017094017089e-01
   7.9487179487179482e-01   3.3974358974358970e-01   5.5769230769230760e-01   1.4102564102564100e-01
   7.1367521367521358e-01   3.8461538461538458e-01   3.9316239316239304e-01   8.9743589743589730e-02
   7.0833333333333326e-01   4.3910256410256404e-01   2.4038461538461534e-01   4.4871794871794865e-02
   7.3076923076923073e-01   4.9999999999999994e-01   1.4102564102564100e-01   1.2820512820512820e-02
   6.9871794871794868e-01   4.9358974358974356e-01   1.6987179487179485e-01   1.9230769230769232e-02
   6.7307692307692313e-01   4.6153846153846151e-01   1.7948717948717946e-01   1.2820512820512820e-02
   6.5384615384615385e-01   4.6923076923076923e-01   1.9230769230769229e-01   2.0512820512820513e-02
   6.4102564102564097e-01   4.7435897435897428e-01   1.9230769230769229e-01   1.2820512820512820e-02
   9.4230769230769229e-01   3.4935897435897428e-01   8.2692307692307698e-01   2.7884615384615380e-01
   8.9230769230769236e-01   3.9487179487179486e-01   7.6410256410256416e-01   2.8205128205128199e-01
   8.7179487179487181e-01   3.9743589743589741e-01   7.1794871794871795e-01   2.8205128205128199e-01
   8.4615384615384615e-01   3.8461538461538458e-01   7.0512820512820507e-01   2.9487179487179482e-01
   8.3974358974358976e-01   3.8141025641025639e-01   6.5705128205128194e-01   2.5641025641025639e-01
   8.2051282051282048e-01   3.9743589743589741e-01   6.4102564102564097e-01   2.4358974358974356e-01
   8.0769230769230771e-01   4.0384615384615380e-01   6.1538461538461542e-01   2.1794871794871792e-01
   7.9487179487179482e-01   4.1025641025641019e-01   5.8974358974358976e-01   1.9230769230769229e-01
   7.5641025641025639e-01   4.2307692307692302e-01   5.6410256410256410e-01   1.9230769230769229e-01
   7.8846153846153844e-01   3.8461538461538458e-01   5.7051282051282048e-01   1.8589743589743588e-01
   8.3974358974358965e-01   3.4615384615384609e-01   5.8974358974358965e-01   1.7307692307692304e-01
   8.5897435897435892e-01   3.4615384615384609e-01   6.0256410256410253e-01   1.6666666666666663e-01
   7.3076923076923073e-01   3.3333333333333331e-01   5.1282051282051266e-01   1.1538461538461538e-01
   7.1153846153846145e-01   3.8461538461538458e-01   3.3333333333333326e-01   6.4102564102564097e-02
   7.0512820512820507e-01   4.5726495726495719e-01   1.4957264957264954e-01   1.2820512820512820e-02
   6.9230769230769229e-01   4.3589743589743585e-01   1.5384615384615383e-01   1.2820512820512820e-02
   6.5897435897435896e-01   4.4615384615384612e-01   1.7435897435897432e-01   1.5384615384615384e-02
   6.5128205128205130e-01   4.5384615384615379e-01   1.7179487179487177e-01   2.0512820512820513e-02
   6.3846153846153841e-01   4.6410256410256406e-01   1.7692307692307691e-01   2.5641025641025640e-02
   6.4102564102564097e-01   4.7435897435897428e-01   1.7948717948717946e-01   2.5641025641025637e-02
   8.8888888888888884e-01   3.8034188034188027e-01   7.6923076923076916e-01   2.9914529914529908e-01
   9.1025641025641024e-01   4.4871794871794868e-01   7.6923076923076916e-01   3.0769230769230765e-01
   8.5897435897435892e-01   3.9743589743589741e-01   7.4358974358974361e-01   2.8205128205128199e-01
   8.5164835164835162e-01   3.9743589743589736e-01   7.0695970695970678e-01   2.6739926739926734e-01
   8.4615384615384615e-01   3.7179487179487175e-01   6.5384615384615385e-01   2.8205128205128199e-01
   8.7179487179487181e-01   3.8461538461538458e-01   6.4102564102564097e-01   2.8205128205128199e-01
   7.8205128205128205e-01   3.8461538461538458e-01   6.4102564102564097e-01   2.3076923076923073e-01
   7.5961538461538458e-01   3.8782051282051277e-01   6.0897435897435892e-01   2.1153846153846154e-01
   7.5897435897435905e-01   4.0000000000000002e-01   5.9230769230769231e-01   2.0769230769230768e-01
   7.5000000000000000e-01   4.1025641025641024e-01   5.8333333333333326e-01   2.0512820512820512e-01
   7.3589743589743595e-01   3.4615384615384615e-01   5.0769230769230766e-01   1.5128205128205127e-01
   7.3076923076923073e-01   3.3333333333333331e-01   4.8717948717948711e-01   1.4102564102564100e-01
   6.2820512820512819e-01   3.9743589743589741e-01   1.4102564102564100e-01   1.2820512820512817e-02
   6.2820512820512819e-01   3.9743589743589741e-01   1.4102564102564100e-01   1.2820512820512824e-02
   6.7948717948717952e-01   4.2307692307692302e-01   1.7948717948717946e-01   3.8461538461538464e-02
   6.5384615384615385e-01   4.2948717948717940e-01   1.6666666666666663e-01   1.2820512820512820e-02
   6.5384615384615385e-01   4.3589743589743585e-01   1.7948717948717946e-01   1.2820512820512820e-02
   6.4102564102564097e-01   4.3589743589743585e-01   1.6666666666666663e-01   2.5641025641025637e-02
   6.3461538461538458e-01   4.4871794871794868e-01   1.6666666666666663e-01   2.7777777777777773e-02
   6.3589743589743586e-01   4.5641025641025640e-01   1.7179487179487177e-01   3.0769230769230767e-02
   8.4615384615384615e-01   4.1025641025641019e-01   7.1794871794871795e-01   3.0769230769230765e-01
   8.4615384615384615e-01   4.1025641025641019e-01   7.1794871794871795e-01   2.5641025641025639e-01
   8.3882783882783873e-01   3.9560439560439559e-01   7.0879120879120872e-01   2.4908424908424903e-01
   8.2051282051282048e-01   3.7179487179487175e-01   6.5384615384615385e-01   2.4358974358974356e-01
   8.4102564102564104e-01   3.6923076923076925e-01   6.4102564102564108e-01   2.6153846153846150e-01
   8.0341880341880334e-01   3.6324786324786318e-01   6.3247863247863245e-01   2.3931623931623927e-01
   7.4358974358974361e-01   3.7179487179487175e-01   6.4102564102564097e-01   2.1794871794871792e-01
   7.5641025641025639e-01   3.7179487179487175e-01   6.0256410256410253e-01   2.1794871794871792e-01
   7.4358974358974361e-01   3.9743589743589741e-01   6.0256410256410253e-01   2.1794871794871792e-01
   7.1611721611721590e-01   3.7728937728937728e-01   4.8168498168498158e-01   1.4285714285714282e-01
   6.2820512820512819e-01   4.2307692307692302e-01   1.7948717948717946e-01   1.2820512820512817e-02
   6.2820512820512819e-01   4.1025641025641019e-01   1.6666666666666663e-01   1.2820512820512820e-02
   6.2820512820512819e-01   3.9743589743589741e-01   1.4102564102564100e-01   1.2820512820512820e-02
   6.3675213675213671e-01   4.1880341880341876e-01   1.6666666666666663e-01   2.9914529914529909e-02
   6.4102564102564108e-01   4.2307692307692302e-01   1.7435897435897435e-01   2.3076923076923078e-02
   6.4102564102564097e-01   4.2307692307692302e-01   1.7948717948717946e-01   1.2820512820512820e-02
   6.4102564102564108e-01   4.3589743589743579e-01   1.7179487179487177e-01   1.2820512820512820e-02
   6.2820512820512819e-01   4.3589743589743585e-01   1.5384615384615383e-01   2.5641025641025637e-02
   6.2820512820512819e-01   4.4871794871794868e-01   1.6666666666666663e-01   2.5641025641025637e-02
   6.4102564102564097e-01   4.6153846153846151e-01   1.7948717948717946e-01   3.8461538461538464e-02
   7.9487179487179482e-01   4.1025641025641019e-01   7.5641025641025639e-01   3.0769230769230765e-01
   7.9487179487179482e-01   4.2307692307692302e-01   7.0512820512820507e-01   2.9487179487179482e-01
   8.0769230769230771e-01   3.9743589743589741e-01   6.6666666666666663e-01   2.8205128205128199e-01
   8.1410256410256410e-01   3.7820512820512819e-01   6.9230769230769229e-01   2.1794871794871792e-01
   8.1837606837606836e-01   3.5042735042735035e-01   6.4957264957264949e-01   2.3717948717948714e-01
   8.1282051282051293e-01   3.3846153846153848e-01   6.3333333333333341e-01   2.3589743589743589e-01
   7.6923076923076916e-01   3.5897435897435892e-01   6.2393162393162394e-01   2.1794871794871792e-01
   7.6923076923076916e-01   3.7179487179487175e-01   6.1538461538461542e-01   2.1794871794871792e-01
   7.3717948717948711e-01   3.7179487179487175e-01   5.6410256410256410e-01   1.8269230769230768e-01
   7.1794871794871795e-01   3.7179487179487175e-01   5.2564102564102566e-01   1.4102564102564100e-01
   6.2820512820512819e-01   4.2307692307692302e-01   1.7948717948717946e-01   1.2820512820512817e-02
   6.2820512820512819e-01   4.2307692307692302e-01   1.7948717948717946e-01   1.2820512820512820e-02
   6.2820512820512819e-01   4.1025641025641024e-01   1.6025641025641024e-01   1.2820512820512820e-02
   6.2820512820512819e-01   4.1666666666666663e-01   1.6666666666666663e-01   3.8461538461538457e-02
   6.3461538461538458e-01   4.2307692307692302e-01   1.8589743589743585e-01   4.0598290598290593e-02
   6.3553113553113549e-01   4.1941391941391937e-01   1.8131868131868129e-01   2.9304029304029301e-02
   6.2179487179487181e-01   4.2628205128205121e-01   1.7628205128205124e-01   9.6153846153846159e-03
   6.1538461538461542e-01   4.4871794871794868e-01   1.6666666666666663e-01   0.0000000000000000e+00
   6.0683760683760679e-01   4.4871794871794862e-01   1.4957264957264954e-01   1.2820512820512818e-02
   5.9401709401709391e-01   4.4017094017094011e-01   1.4957264957264954e-01   2.1367521367521364e-02
   8.0000000000000004e-01   4.0512820512820513e-01   7.0769230769230773e-01   2.8717948717948716e-01
   7.8205128205128205e-01   4.2307692307692302e-01   6.7948717948717952e-01   2.8205128205128199e-01
   8.0128205128205132e-01   3.8782051282051277e-01   6.8589743589743590e-01   2.4999999999999994e-01
   8.0769230769230771e-01   3.3333333333333331e-01   6.6666666666666663e-01   2.3076923076923073e-01
   7.9487179487179482e-01   3.0769230769230765e-01   6.2820512820512819e-01   2.3076923076923073e-01
   7.8846153846153844e-01   3.3974358974358970e-01   6.0897435897435903e-01   2.1794871794871792e-01
   7.6602564102564097e-01   3.6538461538461531e-01   5.8653846153846145e-01   1.8269230769230768e-01
   7.3846153846153850e-01   3.6923076923076920e-01   5.4871794871794877e-01   1.7435897435897432e-01
   7.1794871794871795e-01   3.7179487179487181e-01   5.2051282051282044e-01   1.5384615384615383e-01
   7.0512820512820507e-01   3.7179487179487175e-01   5.1282051282051266e-01   1.5384615384615383e-01
   6.6666666666666663e-01   3.9102564102564097e-01   3.1410256410256410e-01   8.3333333333333329e-02
   6.8376068376068366e-01   3.6752136752136744e-01   3.5470085470085466e-01   9.4017094017094002e-02
   7.1794871794871795e-01   3.2051282051282048e-01   4.3589743589743585e-01   1.1538461538461538e-01
   6.2820512820512819e-01   4.3589743589743585e-01   1.9230769230769229e-01   6.4102564102564097e-02
   6.2820512820512819e-01   4.2307692307692302e-01   1.9230769230769229e-01   3.8461538461538464e-02
   6.2500000000000000e-01   4.1666666666666663e-01   1.8910256410256407e-01   2.8846153846153844e-02
   6.0256410256410253e-01   4.2307692307692302e-01   1.9230769230769229e-01   1.2820512820512820e-02
   5.9935897435897434e-01   4.3589743589743579e-01   1.7628205128205127e-01   9.6153846153846159e-03
   5.7692307692307687e-01   4.4871794871794868e-01   1.1538461538461538e-01   1.2820512820512820e-02
   5.7692307692307687e-01   4.3162393162393153e-01   1.4957264957264954e-01   2.1367521367521364e-02
   8.2051282051282048e-01   3.7179487179487175e-01   7.3076923076923073e-01   2.6923076923076922e-01
   7.6495726495726490e-01   3.6111111111111105e-01   6.6452991452991450e-01   2.5641025641025639e-01
   7.6007326007326004e-01   3.5531135531135527e-01   6.5750915750915739e-01   2.3992673992673988e-01
   7.9487179487179482e-01   3.5897435897435892e-01   7.0512820512820507e-01   2.1794871794871792e-01
   7.9166666666666652e-01   3.3012820512820512e-01   6.7628205128205121e-01   2.1153846153846151e-01
   7.9487179487179482e-01   3.4615384615384609e-01   6.4102564102564097e-01   1.7948717948717946e-01
   7.6923076923076916e-01   3.7179487179487175e-01   5.7692307692307687e-01   1.6666666666666663e-01
   7.5641025641025639e-01   3.5897435897435892e-01   5.6410256410256410e-01   1.7948717948717946e-01
   7.4358974358974361e-01   3.7179487179487175e-01   5.2564102564102566e-01   1.7948717948717946e-01
   7.1794871794871795e-01   3.5897435897435892e-01   5.2564102564102566e-01   1.5384615384615383e-01
   7.0512820512820507e-01   3.5897435897435892e-01   4.4871794871794868e-01   1.5384615384615383e-01
   7.0940170940170932e-01   3.4615384615384609e-01   4.4444444444444436e-01   1.4102564102564100e-01
   7.1367521367521358e-01   3.3333333333333326e-01   4.4017094017094011e-01   1.2820512820512819e-01
   7.1794871794871795e-01   3.2051282051282048e-01   4.3589743589743585e-01   1.1538461538461538e-01
   6.4102564102564097e-01   4.1025641025641019e-01   2.0512820512820509e-01   5.1282051282051280e-02
   6.3461538461538458e-01   4.1666666666666663e-01   1.9871794871794868e-01   4.4871794871794872e-02
   6.0256410256410253e-01   4.2307692307692302e-01   2.3076923076923073e-01   1.2820512820512820e-02
   5.9935897435897434e-01   4.1666666666666663e-01   2.0192307692307690e-01   1.2820512820512820e-02
   5.7692307692307687e-01   4.2307692307692302e-01   1.6666666666666663e-01   2.5641025641025637e-02
   5.7692307692307687e-01   4.3589743589743585e-01   1.4102564102564100e-01   1.9230769230769228e-02
   7.6923076923076916e-01   3.3974358974358965e-01   6.7521367521367515e-01   2.4999999999999997e-01
   7.1794871794871795e-01   3.0769230769230765e-01   6.2820512820512819e-01   2.4358974358974356e-01
   7.5091575091575080e-01   3.3150183150183149e-01   6.5750915750915739e-01   2.1062271062271057e-01
   7.7243589743589736e-01   3.3333333333333326e-01   6.8910256410256410e-01   1.8589743589743588e-01
   7.6923076923076916e-01   3.2051282051282048e-01   7.0512820512820507e-01   1.6666666666666663e-01
   7.6923076923076916e-01   3.5897435897435892e-01   5.8974358974358976e-01   1.6666666666666663e-01
   7.7692307692307694e-01   3.6153846153846148e-01   5.6153846153846154e-01   1.6410256410256407e-01
   7.6153846153846161e-01   3.6153846153846148e-01   5.3846153846153855e-01   1.6410256410256407e-01
   7.2649572649572647e-01   3.6324786324786318e-01   5.2564102564102566e-01   1.6239316239316237e-01
   7.1794871794871795e-01   3.4615384615384609e-01   5.1282051282051266e-01   1.5384615384615383e-01
   6.4743589743589736e-01   3.1089743589743590e-01   4.1025641025641019e-01   1.2820512820512819e-01
   6.6153846153846152e-01   3.1282051282051276e-01   4.1538461538461541e-01   1.2564102564102564e-01
   7.1794871794871795e-01   3.2051282051282048e-01   4.3589743589743585e-01   1.1538461538461538e-01
   6.0256410256410253e-01   3.8461538461538458e-01   1.9230769230769229e-01   1.2820512820512817e-02
   6.0256410256410253e-01   3.8461538461538458e-01   1.9230769230769229e-01   1.2820512820512820e-02
   5.8974358974358976e-01   3.9743589743589741e-01   1.9230769230769229e-01   1.2820512820512820e-02
   5.8974358974358965e-01   4.0384615384615380e-01   1.8589743589743588e-01   1.2820512820512820e-02
   5.8974358974358965e-01   4.0384615384615380e-01   1.7628205128205124e-01   1.2820512820512820e-02
   5.8974358974358976e-01   3.9743589743589741e-01   1.5384615384615383e-01   1.2820512820512820e-02
   5.8974358974358976e-01   3.9743589743589741e-01   1.5384615384615383e-01   1.2820512820512820e-02
   8.0769230769230771e-01   3.4615384615384609e-01   7.0512820512820507e-01   2.6282051282051277e-01
   7.5427350427350426e-01   3.3547008547008539e-01   6.6025641025641013e-01   2.5427350427350420e-01
   7.3076923076923073e-01   3.3333333333333331e-01   6.4102564102564097e-01   2.3076923076923073e-01
   7.5641025641025639e-01   3.3333333333333331e-01   6.4102564102564097e-01   1.9230769230769229e-01
   7.3717948717948711e-01   3.4615384615384615e-01   6.3461538461538458e-01   1.7307692307692304e-01
   7.6923076923076916e-01   3.4615384615384609e-01   5.8974358974358976e-01   1.4102564102564100e-01
   7.8632478632478631e-01   3.5470085470085461e-01   5.5555555555555558e-01   1.4957264957264954e-01
   8.0769230769230771e-01   3.5897435897435892e-01   5.3846153846153844e-01   1.5384615384615383e-01
   7.6602564102564097e-01   3.3653846153846151e-01   5.2564102564102555e-01   1.4423076923076922e-01
   7.3717948717948723e-01   3.1410256410256410e-01   5.1282051282051277e-01   1.3461538461538461e-01
   6.4102564102564097e-01   3.0769230769230765e-01   3.7179487179487175e-01   1.2820512820512819e-01
   6.2179487179487181e-01   2.8846153846153844e-01   4.1025641025641019e-01   1.1538461538461538e-01
   6.1217948717948723e-01   2.9166666666666663e-01   3.3653846153846151e-01   9.6153846153846145e-02
   5.8333333333333326e-01   3.3333333333333326e-01   1.7307692307692307e-01   1.9230769230769232e-02
   6.0256410256410253e-01   3.8461538461538458e-01   1.9230769230769229e-01   1.2820512820512820e-02
   6.0256410256410253e-01   3.8888888888888884e-01   1.8803418803418800e-01   8.5470085470085461e-03
   5.9294871794871795e-01   3.9423076923076916e-01   1.8269230769230768e-01   9.6153846153846159e-03
   5.7692307692307687e-01   3.8461538461538458e-01   1.7948717948717946e-01   1.2820512820512820e-02
   5.8333333333333326e-01   3.9743589743589741e-01   1.6025641025641024e-01   1.2820512820512820e-02
   5.8974358974358976e-01   3.9743589743589741e-01   1.5384615384615383e-01   1.2820512820512820e-02
   7.9807692307692313e-01   3.3653846153846145e-01   6.9551282051282037e-01   2.5961538461538458e-01
   7.3076923076923073e-01   3.4615384615384609e-01   6.4102564102564097e-01   2.9487179487179482e-01
   7.1794871794871784e-01   3.5897435897435892e-01   6.0256410256410253e-01   2.3717948717948714e-01
   6.7948717948717952e-01   3.7179487179487175e-01   5.6410256410256410e-01   1.7948717948717946e-01
   7.1794871794871784e-01   3.6324786324786318e-01   5.7264957264957261e-01   1.6666666666666663e-01
   7.6923076923076916e-01   3.4615384615384609e-01   5.8974358974358976e-01   1.4102564102564100e-01
   7.8205128205128205e-01   3.5897435897435892e-01   5.3846153846153844e-01   1.5384615384615383e-01
   7.7884615384615374e-01   3.3333333333333326e-01   5.1923076923076916e-01   1.4423076923076922e-01
   7.5641025641025639e-01   2.6923076923076922e-01   4.9999999999999994e-01   1.1538461538461538e-01
   7.2435897435897434e-01   2.8205128205128205e-01   4.8076923076923073e-01   1.1538461538461538e-01
   6.4423076923076916e-01   2.9487179487179482e-01   4.1346153846153844e-01   1.1858974358974358e-01
   6.1217948717948723e-01   2.9166666666666663e-01   3.3653846153846151e-01   9.6153846153846145e-02
   5.6410256410256410e-01   2.8205128205128199e-01   1.5384615384615383e-01   2.5641025641025637e-02
   5.6837606837606824e-01   3.4615384615384609e-01   1.5811965811965809e-01   1.2820512820512818e-02
   5.8547008547008539e-01   3.8034188034188032e-01   1.6666666666666663e-01   4.2735042735042722e-03
   6.0683760683760679e-01   3.8888888888888884e-01   1.8376068376068372e-01   4.2735042735042731e-03
   5.9401709401709391e-01   3.9316239316239310e-01   1.7948717948717946e-01   8.5470085470085461e-03
   5.7692307692307687e-01   3.9743589743589741e-01   1.6666666666666663e-01   1.2820512820512820e-02
   6.0256410256410253e-01   3.7179487179487175e-01   1.6666666666666663e-01   2.5641025641025637e-02
   6.0256410256410253e-01   3.7179487179487175e-01   1.6666666666666663e-01   2.5641025641025637e-02
   8.4615384615384615e-01   3.0769230769230765e-01   7.3076923076923073e-01   2.1794871794871792e-01
   7.6068376068376065e-01   3.3333333333333326e-01   6.6239316239316237e-01   2.5213675213675207e-01
   7.1794871794871784e-01   3.4615384615384609e-01   6.2820512820512819e-01   2.6923076923076916e-01
   6.9658119658119655e-01   3.5897435897435892e-01   5.5128205128205121e-01   1.7094017094017092e-01
   7.0512820512820507e-01   3.7179487179487175e-01   5.6410256410256410e-01   1.7948717948717946e-01
   7.1794871794871795e-01   3.4615384615384609e-01   5.6410256410256410e-01   1.5384615384615383e-01
   7.5213675213675202e-01   3.4615384615384609e-01   5.5128205128205121e-01   1.4957264957264954e-01
   7.6923076923076916e-01   3.4615384615384609e-01   4.9999999999999994e-01   1.5384615384615383e-01
   7.4358974358974350e-01   3.0769230769230760e-01   4.9572649572649563e-01   1.3247863247863245e-01
   7.1794871794871784e-01   2.9059829059829057e-01   4.8290598290598286e-01   1.1965811965811964e-01
   6.9230769230769229e-01   2.9487179487179482e-01   4.6153846153846151e-01   1.1538461538461538e-01
   6.9230769230769229e-01   2.9487179487179482e-01   4.6153846153846151e-01   1.1538461538461538e-01
   5.6410256410256410e-01   2.8205128205128199e-01   1.5384615384615383e-01   2.5641025641025637e-02
   5.5128205128205132e-01   3.2692307692307687e-01   1.4102564102564102e-01   1.2820512820512818e-02
   5.3846153846153844e-01   3.7179487179487175e-01   1.2820512820512819e-01   0.0000000000000000e+00
   5.7692307692307687e-01   3.7820512820512819e-01   1.5384615384615383e-01   0.0000000000000000e+00
   6.1538461538461542e-01   3.8461538461538458e-01   1.7948717948717946e-01   0.0000000000000000e+00
   6.2820512820512819e-01   3.7179487179487175e-01   1.9230769230769229e-01   1.2820512820512820e-02
   6.1538461538461542e-01   3.7179487179487175e-01   1.7948717948717946e-01   1.9230769230769228e-02
   6.0256410256410253e-01   3.7179487179487175e-01   1.6666666666666663e-01   2.5641025641025637e-02
   7.8205128205128194e-01   3.3333333333333326e-01   6.6239316239316237e-01   2.1367521367521364e-01
   7.0512820512820507e-01   3.4615384615384609e-01   6.1538461538461542e-01   2.4358974358974356e-01
   7.0512820512820507e-01   3.3974358974358970e-01   5.7051282051282048e-01   1.9871794871794868e-01
   6.9658119658119655e-01   3.4615384615384615e-01   5.3846153846153844e-01   1.6239316239316237e-01
   7.0085470085470081e-01   3.5042735042735040e-01   5.5128205128205121e-01   1.6239316239316237e-01
   7.0940170940170932e-01   3.3760683760683752e-01   5.5982905982905984e-01   1.4957264957264954e-01
   7.0512820512820507e-01   3.3333333333333331e-01   5.2564102564102566e-01   1.5384615384615383e-01
   7.3076923076923073e-01   3.2051282051282048e-01   4.9999999999999994e-01   1.4102564102564100e-01
   7.0512820512820507e-01   3.0769230769230765e-01   4.8717948717948711e-01   1.2820512820512819e-01
   6.7521367521367515e-01   2.8205128205128199e-01   4.6153846153846151e-01   1.1965811965811964e-01
   6.6025641025641024e-01   2.6923076923076916e-01   4.4871794871794868e-01   1.1538461538461538e-01
   5.5128205128205132e-01   3.5897435897435892e-01   1.6666666666666663e-01   1.2820512820512820e-02
   5.5128205128205132e-01   3.5897435897435892e-01   1.6666666666666663e-01   1.2820512820512820e-02
   5.3846153846153844e-01   3.7179487179487175e-01   1.2820512820512819e-01   0.0000000000000000e+00
   5.7051282051282048e-01   3.7179487179487175e-01   1.4743589743589741e-01   0.0000000000000000e+00
   6.0256410256410253e-01   3.7179487179487175e-01   1.6666666666666663e-01   0.0000000000000000e+00
   6.2179487179487181e-01   3.7179487179487175e-01   1.7948717948717946e-01   1.2820512820512820e-02
   6.2179487179487181e-01   3.7499999999999994e-01   1.8269230769230765e-01   1.2820512820512820e-02
   6.1538461538461531e-01   3.7606837606837601e-01   1.7948717948717946e-01   1.7094017094017092e-02
   6.0256410256410253e-01   3.7179487179487175e-01   1.6666666666666663e-01   2.5641025641025637e-02
   7.9487179487179482e-01   3.0769230769230765e-01   6.1538461538461542e-01   1.7948717948717946e-01
   7.2756410256410264e-01   3.2692307692307687e-01   6.0897435897435903e-01   2.0192307692307687e-01
   6.6025641025641024e-01   3.2692307692307687e-01   5.8974358974358976e-01   2.2435897435897434e-01
   6.7948717948717952e-01   3.3333333333333331e-01   5.0641025641025639e-01   1.6025641025641024e-01
   6.7948717948717952e-01   3.3333333333333331e-01   5.0641025641025639e-01   1.6025641025641024e-01
   7.0512820512820507e-01   3.3333333333333326e-01   5.5769230769230771e-01   1.4743589743589741e-01
   6.9871794871794868e-01   3.2051282051282048e-01   5.3525641025641024e-01   1.4102564102564100e-01
   6.9230769230769229e-01   3.0341880341880340e-01   4.9999999999999994e-01   1.3247863247863245e-01
   6.9871794871794868e-01   3.0128205128205121e-01   4.8076923076923073e-01   1.2820512820512819e-01
   6.6666666666666663e-01   2.7564102564102561e-01   4.6153846153846145e-01   1.2179487179487178e-01
   6.2820512820512819e-01   2.4358974358974356e-01   4.3589743589743585e-01   1.1538461538461538e-01
   5.8974358974358976e-01   3.0128205128205121e-01   3.0128205128205121e-01   6.4102564102564097e-02
   5.5128205128205132e-01   3.5897435897435892e-01   1.6666666666666663e-01   1.2820512820512820e-02
   5.5128205128205132e-01   3.5897435897435892e-01   1.6666666666666663e-01   1.2820512820512820e-02
   5.7692307692307687e-01   3.8461538461538458e-01   1.6025641025641024e-01   6.4102564102564100e-03
   5.8547008547008539e-01   3.8034188034188027e-01   1.6239316239316234e-01   4.2735042735042731e-03
   6.0897435897435903e-01   3.7179487179487175e-01   1.6666666666666663e-01   6.4102564102564100e-03
   6.1858974358974361e-01   3.7499999999999994e-01   1.7628205128205127e-01   1.2820512820512820e-02
   6.1858974358974361e-01   3.7820512820512819e-01   1.7948717948717946e-01   1.2820512820512820e-02
   6.1538461538461542e-01   3.8461538461538458e-01   1.7948717948717946e-01   1.2820512820512820e-02
   7.5897435897435894e-01   3.1025641025641021e-01   5.9743589743589742e-01   1.7948717948717946e-01
   6.7521367521367515e-01   3.0769230769230765e-01   5.8119658119658113e-01   1.9658119658119655e-01
   6.3461538461538458e-01   3.2051282051282048e-01   5.2564102564102555e-01   1.8589743589743585e-01
   6.5384615384615385e-01   3.3333333333333331e-01   4.8717948717948711e-01   1.6666666666666663e-01
   6.5384615384615385e-01   3.3333333333333331e-01   4.8717948717948711e-01   1.6666666666666663e-01
   6.9230769230769229e-01   3.2051282051282048e-01   5.5128205128205132e-01   1.4102564102564100e-01
   6.9230769230769229e-01   3.0769230769230765e-01   5.1282051282051277e-01   1.3461538461538458e-01
   6.9230769230769229e-01   2.9487179487179482e-01   4.7435897435897428e-01   1.2820512820512819e-01
   6.9230769230769229e-01   2.9487179487179482e-01   4.7435897435897428e-01   1.2820512820512819e-01
   6.2820512820512819e-01   2.4358974358974356e-01   4.3589743589743585e-01   1.1538461538461538e-01
   6.2820512820512819e-01   2.4358974358974356e-01   4.3589743589743585e-01   1.1538461538461538e-01
   5.5128205128205132e-01   3.6538461538461531e-01   1.6025641025641024e-01   1.2820512820512820e-02
   5.5128205128205132e-01   3.6538461538461531e-01   1.6025641025641024e-01   1.2820512820512820e-02
   5.5128205128205132e-01   3.9743589743589741e-01   1.5384615384615383e-01   1.2820512820512820e-02
   5.6837606837606836e-01   3.8888888888888884e-01   1.5811965811965809e-01   8.5470085470085461e-03
   5.7692307692307687e-01   3.8461538461538458e-01   1.6025641025641024e-01   6.4102564102564100e-03
   6.1538461538461542e-01   3.7179487179487175e-01   1.6666666666666663e-01   1.2820512820512820e-02
   6.1538461538461542e-01   3.7820512820512819e-01   1.7307692307692304e-01   1.2820512820512820e-02
   6.1538461538461542e-01   3.8461538461538458e-01   1.7948717948717946e-01   1.2820512820512820e-02
   6.1538461538461542e-01   3.8461538461538458e-01   1.7948717948717946e-01   1.2820512820512820e-02
   7.9487179487179482e-01   2.8205128205128199e-01   5.5128205128205132e-01   1.5384615384615383e-01
   7.3504273504273498e-01   2.9914529914529908e-01   5.7692307692307687e-01   1.7948717948717946e-01
   6.1538461538461542e-01   3.0769230769230765e-01   5.6410256410256410e-01   2.0512820512820509e-01
   6.5384615384615385e-01   3.3333333333333331e-01   4.8717948717948711e-01   1.6666666666666663e-01
   6.5384615384615385e-01   3.3333333333333331e-01   4.8717948717948711e-01   1.6666666666666663e-01
   6.9230769230769229e-01   3.0769230769230765e-01   4.9999999999999994e-01   1.5384615384615383e-01
   6.9230769230769229e-01   3.0769230769230765e-01   4.9999999999999994e-01   1.5384615384615383e-01
   6.9230769230769229e-01   2.9487179487179482e-01   4.7435897435897428e-01   1.2820512820512819e-01
   6.9230769230769229e-01   2.8205128205128199e-01   4.9999999999999994e-01   1.5384615384615383e-01
   6.9230769230769229e-01   2.8205128205128199e-01   4.9999999999999994e-01   1.5384615384615383e-01
   6.2820512820512819e-01   2.4358974358974356e-01   4.3589743589743585e-01   1.1538461538461538e-01
   5.5128205128205132e-01   3.7179487179487175e-01   1.5384615384615383e-01   1.2820512820512820e-02
   5.5128205128205132e-01   3.7179487179487175e-01   1.5384615384615383e-01   1.2820512820512820e-02
   5.5128205128205132e-01   3.7179487179487175e-01   1.5384615384615383e-01   1.2820512820512820e-02
   5.5128205128205132e-01   3.9743589743589741e-01   1.5384615384615383e-01   1.2820512820512820e-02
   5.5128205128205132e-01   3.9743589743589741e-01   1.5384615384615383e-01   1.2820512820512820e-02
   6.1538461538461542e-01   3.7179487179487175e-01   1.6666666666666663e-01   1.2820512820512820e-02
   6.1538461538461542e-01   3.7179487179487175e-01   1.6666666666666663e-01   1.2820512820512820e-02
   6.1538461538461542e-01   3.8461538461538458e-01   1.7948717948717946e-01   1.2820512820512820e-02
   6.1538461538461542e-01   3.8461538461538458e-01   1.7948717948717946e-01   1.2820512820512820e-02
   7.7564102564102555e-01   2.7564102564102561e-01   5.8974358974358976e-01   1.6666666666666663e-01
   6.1538461538461542e-01   3.0769230769230765e-01   5.6410256410256410e-01   2.0512820512820509e-01
   7.8205128205128205e-01   2.6923076923076922e-01   5.6410256410256410e-01   1.7948717948717946e-01
   7.8205128205128205e-01   2.6923076923076922e-01   5.6410256410256410e-01   1.7948717948717946e-01
   6.7307692307692313e-01   3.2051282051282048e-01   4.9358974358974350e-01   1.6025641025641024e-01
   6.9230769230769229e-01   3.0769230769230765e-01   4.9999999999999994e-01   1.5384615384615383e-01
   6.9230769230769229e-01   2.9487179487179482e-01   4.9145299145299137e-01   1.4529914529914528e-01
   6.9230769230769229e-01   2.8205128205128199e-01   4.9999999999999994e-01   1.5384615384615383e-01
   6.9230769230769229e-01   2.8205128205128199e-01   4.9999999999999994e-01   1.5384615384615383e-01
   6.9230769230769229e-01   2.8205128205128199e-01   4.9999999999999994e-01   1.5384615384615383e-01
   6.2820512820512819e-01   2.4358974358974356e-01   4.3589743589743585e-01   1.1538461538461538e-01
   5.5128205128205132e-01   3.7179487179487175e-01   1.5384615384615383e-01   1.2820512820512820e-02
   5.5128205128205132e-01   3.7179487179487175e-01   1.5384615384615383e-01   1.2820512820512820e-02
   5.5128205128205132e-01   3.8461538461538458e-01   1.5384615384615383e-01   1.2820512820512820e-02
   5.5128205128205132e-01   3.9743589743589741e-01   1.5384615384615383e-01   1.2820512820512820e-02
   5.5128205128205132e-01   3.9743589743589741e-01   1.5384615384615383e-01   1.2820512820512820e-02
   5.5128205128205132e-01   3.9743589743589741e-01   1.5384615384615383e-01   1.2820512820512820e-02
   5.5128205128205132e-01   3.9743589743589741e-01   1.5384615384615383e-01   1.2820512820512820e-02
   5.5128205128205132e-01   3.9743589743589741e-01   1.5384615384615383e-01   1.2820512820512820e-02
   6.0256410256410253e-01   3.7179487179487175e-01   1.6666666666666663e-01   2.5641025641025637e-02
   7.5641025641025639e-01   2.6923076923076922e-01   6.2820512820512819e-01   1.7948717948717946e-01
   7.5641025641025639e-01   2.6923076923076922e-01   6.2820512820512819e-01   1.7948717948717946e-01
   7.8205128205128205e-01   2.6923076923076922e-01   5.6410256410256410e-01   1.7948717948717946e-01
   7.8205128205128205e-01   2.6923076923076922e-01   5.6410256410256410e-01   1.7948717948717946e-01
   7.8205128205128205e-01   2.6923076923076922e-01   5.6410256410256410e-01   1.7948717948717946e-01
   6.5384615384615385e-01   3.3333333333333331e-01   4.8717948717948711e-01   1.6666666666666663e-01
   6.5384615384615385e-01   3.3333333333333331e-01   4.8717948717948711e-01   1.6666666666666663e-01
   6.9230769230769229e-01   2.8205128205128199e-01   4.9999999999999994e-01   1.5384615384615383e-01
   6.9230769230769229e-01   2.8205128205128199e-01   4.9999999999999994e-01   1.5384615384615383e-01
   6.9230769230769229e-01   2.8205128205128199e-01   4.9999999999999994e-01   1.5384615384615383e-01
   6.2820512820512819e-01   2.4358974358974356e-01   4.3589743589743585e-01   1.1538461538461538e-01
   6.2820512820512819e-01   2.4358974358974356e-01   4.3589743589743585e-01   1.1538461538461538e-01
   5.5128205128205132e-01   3.7179487179487175e-01   1.5384615384615380e-01   1.2820512820512817e-02
   5.5128205128205132e-01   3.7179487179487175e-01   1.5384615384615383e-01   1.2820512820512820e-02
   5.5128205128205132e-01   3.7179487179487175e-01   1.5384615384615383e-01   1.2820512820512820e-02
   5.5128205128205132e-01   3.7179487179487175e-01   1.5384615384615383e-01   1.2820512820512820e-02
   5.5128205128205132e-01   3.9743589743589741e-01   1.5384615384615383e-01   1.2820512820512820e-02
   5.5128205128205132e-01   3.9743589743589741e-01   1.5384615384615383e-01   1.2820512820512820e-02
   5.5128205128205132e-01   3.9743589743589741e-01   1.5384615384615383e-01   1.2820512820512820e-02
   5.5128205128205132e-01   3.9743589743589741e-01   1.5384615384615383e-01   1.2820512820512820e-02
   7.5641025641025639e-01   2.6923076923076922e-01   6.2820512820512819e-01   1.7948717948717946e-01
   6.8589743589743590e-01   2.8846153846153844e-01   5.9615384615384615e-01   1.9230769230769229e-01
   7.8205128205128205e-01   2.6923076923076922e-01   5.6410256410256410e-01   1.7948717948717946e-01
   7.8205128205128205e-01   2.6923076923076922e-01   5.6410256410256410e-01   1.7948717948717946e-01
   7.8205128205128205e-01   2.6923076923076922e-01   5.6410256410256410e-01   1.7948717948717946e-01
   6.5384615384615385e-01   3.3333333333333331e-01   4.8717948717948711e-01   1.6666666666666663e-01
   6.5384615384615385e-01   3.3333333333333331e-01   4.8717948717948711e-01   1.6666666666666663e-01
   6.9230769230769229e-01   2.8205128205128199e-01   4.9999999999999994e-01   1.5384615384615383e-01
   6.9230769230769229e-01   2.8205128205128199e-01   4.9999999999999994e-01   1.5384615384615383e-01
   6.9230769230769229e-01   2.8205128205128199e-01   4.9999999999999994e-01   1.5384615384615383e-01
   6.2820512820512819e-01   2.4358974358974356e-01   4.3589743589743585e-01   1.1538461538461538e-01
   6.2820512820512819e-01   2.4358974358974356e-01   4.3589743589743585e-01   1.1538461538461538e-01
   6.2820512820512819e-01   2.4358974358974356e-01   4.3589743589743585e-01   1.1538461538461538e-01
   5.5128205128205132e-01   3.5897435897435892e-01   1.6666666666666663e-01   1.2820512820512820e-02
   5.5128205128205132e-01   3.7179487179487175e-01   1.5384615384615383e-01   1.2820512820512820e-02
   5.5128205128205132e-01   3.7179487179487175e-01   1.5384615384615383e-01   1.2820512820512820e-02
   5.5128205128205132e-01   3.7179487179487175e-01   1.5384615384615383e-01   1.2820512820512820e-02
   5.5128205128205132e-01   3.9743589743589741e-01   1.5384615384615383e-01   1.2820512820512820e-02
   5.5128205128205132e-01   3.9743589743589741e-01   1.5384615384615383e-01   1.2820512820512820e-02
   5.5128205128205132e-01   3.9743589743589741e-01   1.5384615384615383e-01   1.2820512820512820e-02
